mm1=[448,464,426,248,434,438,388,206;];
[444,460,368,386,366,422,414,412;]
[430,450,526,526,526,526,418,394;]
mm2=[344,358,272,202,274,270,288,314;];
mm2[344,364,322,248,318,320,294,306;]
d1=mm1-mm2
%100´Î½á¹ûk=81
result_mean=[443.620000000000,461.740000000000,529.340000000000,529.340000000000,529.340000000000,529.340000000000,403.180000000000,406.080000000000;]
result_std=[4.68563245625940,4.68563245625940,5.72539972580099,1.92914907708455,1.92914907708455,1.92914907708455,13.6687951040302,6.31125337725552;]